0 0
79.9835 0
79.9835 1
80.9317 1
80.9317 2
80.9352 2
80.9352 3
80.9361 3
80.9361 4
83.0358 4
83.0358 3
83.9849 3
83.9849 2
83.9875 2
83.9875 1
83.99 1
83.99 0
159.512 0
159.512 1
162.565 1
162.565 0
163.01 0
163.01 1
163.962 1
163.962 2
163.972 2
163.972 3
166.063 3
166.063 2
167.015 2
167.015 1
167.023 1
167.023 0
234.597 0
234.597 1
237.65 1
237.65 0
245.066 0
245.066 1
246.967 1
246.967 2
248.119 2
248.119 1
250.018 1
250.018 0
286.595 0
286.595 1
302.976 1
302.976 0
326.685 0
326.685 1
333.333 1
333.333 2
335.237 2
335.237 3
343.065 3
343.065 2
349.687 2
349.687 1
351.604 1
351.604 0
360.206 0
360.206 1
376.591 1
376.591 0
421.922 0
421.922 1
433.628 1
433.628 2
435.545 2
435.545 3
438.306 3
438.306 2
446.546 2
446.546 3
450.008 3
450.008 2
451.922 2
451.922 1
462.928 1
462.928 0
504.441 0
504.441 1
520.822 1
520.822 0
530.139 0
530.139 1
534.601 1
534.601 2
541.783 2
541.783 3
546.512 3
546.512 2
550.986 2
550.986 1
558.155 1
558.155 0
581.866 0
581.866 1
598.244 1
598.244 0
625.375 0
625.375 1
633.655 1
633.655 2
638.286 2
638.286 3
641.746 3
641.746 2
650.033 2
650.033 1
654.671 1
654.671 0
660.572 0
660.572 1
676.954 1
676.954 0
716.789 0
716.789 1
731.441 1
731.441 2
733.167 2
733.167 1
734.795 1
734.795 2
747.825 2
747.825 1
748.175 1
748.175 2
751.173 2
751.173 1
764.552 1
764.552 0
800.58 0
800.58 1
816.958 1
816.958 0
826.68 0
826.68 1
832.575 1
832.575 2
840.867 2
840.867 3
843.058 3
843.058 2
843.066 2
843.066 3
848.962 3
848.962 2
848.969 2
848.969 3
856.387 3
856.387 4
857.251 4
857.251 3
857.259 3
857.259 4
866.57 4
866.57 3
866.579 3
866.579 4
872.453 4
872.453 3
872.461 3
872.461 4
872.763 4
872.763 3
872.771 3
872.771 4
880.721 4
880.721 3
880.727 3
880.727 4
890.075 4
890.075 3
890.081 3
890.081 4
895.975 4
895.975 3
895.983 3
895.983 4
896.28 4
896.28 3
896.286 3
896.286 4
904.215 4
904.215 3
904.222 3
904.222 4
913.575 4
913.575 3
913.584 3
913.584 4
919.485 4
919.485 3
919.49 3
919.49 4
919.792 4
919.792 3
919.8 3
919.8 4
927.74 4
927.74 3
927.746 3
927.746 4
937.082 4
937.082 3
937.088 3
937.088 4
942.99 4
942.99 3
942.998 3
942.998 4
943.287 4
943.287 3
943.292 3
943.292 4
951.218 4
951.218 3
951.229 3
951.229 4
960.59 4
960.59 3
960.598 3
960.598 4
966.486 4
966.486 3
966.494 3
966.494 4
966.799 4
966.799 3
966.805 3
966.805 4
974.738 4
974.738 3
974.745 3
974.745 4
984.095 4
984.095 3
984.102 3
984.102 4
989.998 4
989.998 3
990.005 3
990.005 4
990.307 4
990.307 3
990.315 3
990.315 4
998.242 4
998.242 3
998.248 3
998.248 4
1007.6 4
1007.6 3
1007.61 3
1007.61 4
1013.5 4
1013.5 3
1013.51 3
1013.51 4
1013.81 4
1013.81 3
1013.82 3
1013.82 4
1021.74 4
1021.74 3
1021.75 3
1021.75 4
1031.11 4
1031.11 3
1031.12 3
1031.12 4
1037.01 4
1037.01 3
1037.02 3
1037.02 4
1037.32 4
1037.32 3
1037.33 3
1037.33 4
1045.26 4
1045.26 3
1045.26 3
1045.26 4
1054.61 4
1054.61 3
1054.62 3
1054.62 4
1060.52 4
1060.52 3
1060.53 3
1060.53 4
1060.82 4
1060.82 3
1060.83 3
1060.83 4
1068.76 4
1068.76 3
1068.77 3
1068.77 4
1078.13 4
1078.13 3
1078.14 3
1078.14 4
1084.04 4
1084.04 3
1084.05 3
1084.05 4
1084.34 4
1084.34 3
1084.35 3
1084.35 4
1092.28 4
1092.28 3
1092.28 3
1092.28 4
1101.64 4
1101.64 3
1101.65 3
1101.65 4
1107.54 4
1107.54 3
1107.55 3
1107.55 4
1107.85 4
1107.85 3
1107.85 3
1107.85 4
1115.78 4
1115.78 3
1115.79 3
1115.79 4
1125.15 4
1125.15 3
1125.15 3
1125.15 4
1131.05 4
1131.05 3
1131.06 3
1131.06 4
1131.35 4
1131.35 3
1131.36 3
1131.36 4
1139.29 4
1139.29 3
1139.3 3
1139.3 4
1148.65 4
1148.65 3
1148.65 3
1148.65 4
1154.55 4
1154.55 3
1154.56 3
1154.56 4
1154.86 4
1154.86 3
1154.86 3
1154.86 4
1162.81 4
1162.81 3
1162.81 3
1162.81 4
1172.16 4
1172.16 3
1172.17 3
1172.17 4
1178.07 4
1178.07 3
1178.08 3
1178.08 4
1178.36 4
1178.36 3
1178.37 3
1178.37 4
1186.3 4
1186.3 3
1186.31 3
1186.31 4
1195.67 4
1195.67 3
1195.68 3
1195.68 4
1201.57 4
1201.57 3
1201.58 3
1201.58 4
1201.88 4
1201.88 3
1201.88 3
1201.88 4
1209.81 4
1209.81 3
1209.82 3
1209.82 4
1219.17 4
1219.17 3
1219.18 3
1219.18 4
1225.08 4
1225.08 3
1225.09 3
1225.09 4
1225.39 4
1225.39 3
1225.39 3
1225.39 4
1233.33 4
1233.33 3
1233.33 3
1233.33 4
1242.69 4
1242.69 3
1242.7 3
1242.7 4
1248.59 4
1248.59 3
1248.6 3
1248.6 4
1248.9 4
1248.9 3
1248.91 3
1248.91 4
1256.84 4
1256.84 3
1256.85 3
1256.85 4
1266.21 4
1266.21 3
1266.21 3
1266.21 4
1272.11 4
1272.11 3
1272.12 3
1272.12 4
1272.41 4
1272.41 3
1272.42 3
1272.42 4
1280.35 4
1280.35 3
1280.36 3
1280.36 4
1289.71 4
1289.71 3
1289.72 3
1289.72 4
1295.61 4
1295.61 3
1295.62 3
1295.62 4
1295.93 4
1295.93 3
1295.93 3
1295.93 4
1303.85 4
1303.85 3
1303.86 3
1303.86 4
1313.23 4
1313.23 3
1313.24 3
1313.24 4
1319.12 4
1319.12 3
1319.13 3
1319.13 4
1319.43 4
1319.43 3
1319.43 3
1319.43 4
1327.37 4
1327.37 3
1327.37 3
1327.37 4
1336.73 4
1336.73 3
1336.74 3
1336.74 4
1342.63 4
1342.63 3
1342.64 3
1342.64 4
1342.94 4
1342.94 3
1342.94 3
1342.94 4
1350.89 4
1350.89 3
1350.89 3
1350.89 4
1360.23 4
1360.23 3
1360.24 3
1360.24 4
1366.13 4
1366.13 3
1366.14 3
1366.14 4
1366.44 4
1366.44 3
1366.45 3
1366.45 4
1374.37 4
1374.37 3
1374.38 3
1374.38 4
1383.74 4
1383.74 3
1383.75 3
1383.75 4
1389.65 4
1389.65 3
1389.66 3
1389.66 4
1389.94 4
1389.94 3
1389.94 3
1389.94 4
1397.88 4
1397.88 3
1397.89 3
1397.89 4
1407.23 4
1407.23 3
1407.24 3
1407.24 4
1413.13 4
1413.13 3
1413.14 3
1413.14 4
1413.44 4
1413.44 3
1413.45 3
1413.45 4
1421.38 4
1421.38 3
1421.38 3
1421.38 4
1430.74 4
1430.74 3
1430.75 3
1430.75 4
1436.65 4
1436.65 3
1436.65 3
1436.65 4
1436.95 4
1436.95 3
1444.89 3
1444.89 2
1454.26 2
1454.26 1
1460.16 1
1460.16 0
