0 0
0.01082 0
0.01082 1
0.01152 1
0.01152 2
0.0134 2
0.0134 3
0.0146 3
0.0146 4
23.4601 4
23.4601 3
23.4697 3
23.4697 4
23.525 4
23.525 3
23.5256 3
23.5256 2
23.5278 2
23.5278 1
23.5392 1
23.5392 2
23.543 2
23.543 3
23.5444 3
23.5444 4
46.938 4
46.938 3
46.9466 3
46.9466 4
47.0391 4
47.0391 3
47.0403 3
47.0403 2
47.0459 2
47.0459 1
47.0509 1
47.0509 2
47.0622 2
47.0622 3
47.0647 3
47.0647 4
70.4494 4
70.4494 3
70.4584 3
70.4584 4
70.5568 4
70.5568 3
70.5597 3
70.5597 2
70.5663 2
70.5663 1
70.5736 1
70.5736 2
70.5775 2
70.5775 3
70.579 3
70.579 4
93.9728 4
93.9728 3
93.9812 3
93.9812 4
94.0795 4
94.0795 3
94.0802 3
94.0802 2
94.0828 2
94.0828 1
94.0962 1
94.0962 2
94.0979 2
94.0979 3
94.0993 3
94.0993 4
117.486 4
117.486 3
117.494 3
117.494 4
117.545 4
117.545 3
117.554 3
117.554 4
117.605 4
117.605 3
117.61 3
117.61 2
117.613 2
117.613 3
117.614 3
117.614 4
140.997 4
140.997 3
141.004 3
141.004 4
141.053 4
141.053 3
141.058 3
141.058 4
141.098 4
141.098 3
141.103 3
141.103 4
141.11 4
141.11 3
141.114 3
141.114 4
164.5 4
164.5 3
164.508 3
164.508 4
164.557 4
164.557 3
164.562 3
164.562 4
164.608 4
164.608 3
164.613 3
164.613 2
164.614 2
164.614 3
164.617 3
164.617 4
188.014 4
188.014 3
188.021 3
188.021 4
188.065 4
188.065 3
188.07 3
188.07 4
188.115 4
188.115 3
188.12 3
188.12 4
188.129 4
188.129 3
188.135 3
188.135 4
211.527 4
211.527 3
211.535 3
211.535 4
211.569 4
211.569 3
211.574 3
211.574 4
211.628 4
211.628 3
211.631 3
211.631 2
211.633 2
211.633 3
211.635 3
211.635 4
235.035 4
235.035 3
235.044 3
235.044 4
235.06 4
235.06 3
235.064 3
235.064 4
235.127 4
235.127 3
235.134 3
235.134 4
235.137 4
235.137 3
235.141 3
235.141 4
258.534 4
258.534 3
258.542 3
258.542 2
258.545 2
258.545 3
258.546 3
258.546 4
258.637 4
258.637 3
258.642 3
258.642 2
258.644 2
258.644 3
258.646 3
258.646 4
282.041 4
282.041 3
282.049 3
282.049 4
282.065 4
282.065 3
282.071 3
282.071 4
282.142 4
282.142 3
282.148 3
282.148 2
282.149 2
282.149 3
282.153 3
282.153 4
305.551 4
305.551 3
305.56 3
305.56 4
305.561 4
305.561 3
305.566 3
305.566 4
305.654 4
305.654 3
305.662 3
305.662 4
305.664 4
305.664 3
305.67 3
305.67 4
329.059 4
329.059 3
329.067 3
329.067 4
329.073 4
329.073 3
329.077 3
329.077 4
329.16 4
329.16 3
329.166 3
329.166 4
329.173 4
329.173 3
329.177 3
329.177 4
352.549 4
352.549 3
352.557 3
352.557 4
352.585 4
352.585 3
352.589 3
352.589 4
352.651 4
352.651 3
352.656 3
352.656 4
352.669 4
352.669 3
352.676 3
352.676 4
376.035 4
376.035 3
376.043 3
376.043 4
376.093 4
376.093 3
376.099 3
376.099 4
376.136 4
376.136 3
376.14 3
376.14 4
376.161 4
376.161 3
376.165 3
376.165 4
399.544 4
399.544 3
399.551 3
399.551 4
399.602 4
399.602 3
399.607 3
399.607 4
399.644 4
399.644 3
399.649 3
399.649 4
399.683 4
399.683 3
399.688 3
399.688 4
423.045 4
423.045 3
423.053 3
423.053 4
423.106 4
423.106 3
423.11 3
423.11 4
423.144 4
423.144 3
423.148 3
423.148 4
423.151 4
423.151 3
423.155 3
423.155 4
446.558 4
446.558 3
446.565 3
446.565 4
446.606 4
446.606 3
446.606 3
446.606 2
446.607 2
446.607 1
446.61 1
446.61 2
446.614 2
446.614 3
446.616 3
446.616 4
470.069 4
470.069 3
470.078 3
470.078 4
470.116 4
470.116 3
470.118 3
470.118 2
470.12 2
470.12 3
470.123 3
470.123 4
470.13 4
470.13 3
470.135 3
470.135 4
493.583 4
493.583 3
493.59 3
493.59 4
493.62 4
493.62 3
493.624 3
493.624 4
493.632 4
493.632 3
493.633 3
493.633 2
493.638 2
493.638 3
493.639 3
493.639 4
517.076 4
517.076 3
517.084 3
517.084 4
517.09 4
517.09 3
517.09 3
517.09 2
517.095 2
517.095 3
517.096 3
517.096 4
517.145 4
517.145 3
517.15 3
517.15 4
540.584 4
540.584 3
540.588 3
540.588 2
540.599 2
540.599 3
540.602 3
540.602 4
540.61 4
540.61 3
540.615 3
540.615 4
540.645 4
540.645 3
540.649 3
540.649 4
564.096 4
564.096 3
564.101 3
564.101 2
564.109 2
564.109 3
564.109 3
564.109 4
564.115 4
564.115 3
564.121 3
564.121 4
564.153 4
564.153 3
564.158 3
564.158 4
587.611 4
587.611 3
587.612 3
587.612 2
587.615 2
587.615 1
587.617 1
587.617 2
587.619 2
587.619 3
587.62 3
587.62 4
587.651 4
587.651 3
611.112 3
611.112 2
611.117 2
611.117 1
611.14 1
611.14 0
611.82 0
611.82 1
628.199 1
628.199 0
700.144 0
700.144 1
700.147 1
700.147 2
700.147 2
700.147 3
707.058 3
707.058 4
716.515 4
716.515 3
716.528 3
716.528 2
716.53 2
716.53 1
723.434 1
723.434 0
806.819 0
806.819 1
809.363 1
809.363 2
809.393 2
809.393 3
812.467 3
812.467 4
823.197 4
823.197 3
825.739 3
825.739 2
825.783 2
825.783 1
828.846 1
828.846 0
909.684 0
909.684 1
916.042 1
916.042 2
917.357 2
917.357 3
919.148 3
919.148 4
926.06 4
926.06 3
932.41 3
932.41 2
933.732 2
933.732 1
935.523 1
935.523 0
999.825 0
999.825 1
1016.2 1
1016.2 0
1017.63 0
1017.63 1
1020.22 1
1020.22 2
1022.01 2
1022.01 3
1034 3
1034 2
1036.6 2
1036.6 1
1038.39 1
1038.39 0
1068.34 0
1068.34 1
1084.73 1
1084.73 0
1126.85 0
1126.85 1
1135.8 1
1135.8 2
1138.86 2
1138.86 3
1143.23 3
1143.23 2
1152.18 2
1152.18 1
1155.24 1
1155.24 0
1180.11 0
1180.11 1
1196.49 1
1196.49 0
1269.15 0
1269.15 1
1285.53 1
1285.53 0
1285.72 0
1285.72 1
1290.06 1
1290.06 2
1302.1 2
1302.1 1
1306.44 1
1306.44 0
1318.59 0
1318.59 1
1334.97 1
1334.97 0
1378.26 0
1378.26 1
1381.31 1
1381.31 0
1383.53 0
1383.53 1
1386.58 1
1386.58 0
1407.62 0
1407.62 1
1413.02 1
1413.02 2
1416.07 2
1416.07 1
1424.01 1
1424.01 0
1456.5 0
1456.5 1
1459.56 1
1459.56 0
1461.76 0
1461.76 1
1464.81 1
1464.81 0
1484.61 0
1484.61 1
1487.66 1
1487.66 0
1488.73 0
1488.73 1
1491.79 1
1491.79 0
1495.73 0
1495.73 1
1498.78 1
1498.78 0
